4.76
4.81
4.86
5.02
5.11
5.24
5.37
5.56
5.6
5.75
5.66
5.58
5.54
5.34
5.12
4.96
4.4
4.36
4.47
4.7
4.57
4.58
4.76
4.87
5.3
5.2
5
5.34
5.61
6.01
6.01
5.96
5.8
5.74
5.81
5.93
6.16
6.41
6.39
6.52
6.73
7.23
7.93
8.55
8.22
8.3
8.37
8.36
8.66
8.84
8.45
7.98
7.38
8
8
8
7.61
7.18
6.66
5.85
5.5
4.92
4.18
3.62
4.31
4.69
5.13
5.48
5.5
5.46
5.12
4.69
4.46
3.75
3.37
3.73
4.33
4.15
4.38
4.57
4.55
4.84
4.96
4.92
5.22
5.63
6.11
6.76
7.03
7.23
7.95
9.5
10.4
10.43
9.49
9.33
9.81
9.37
8.34
8.97
10.25
11
11.25
12.19
12.03
11.55
9.87
9.17
9.44
7.54
6.38
6.08
5.96
5.5
5.52
6.22
6.36
6.55
6.16
5.65
5.73
4.96
4.91
5.05
4.92
5.2
5.58
5.34
5.21
5.21
5.02
4.86
4.62
4.71
4.68
4.69
4.67
5.14
5.31
5.32
5.7
6.06
6.42
6.48
6.53
6.74
6.66
6.67
6.77
7.06
7.56
7.79
7.82
8.4
8.96
9.93
10.22
10.13
9.9
9.88
9.88
9.97
9.94
10.04
10.58
11.7
13.36
13.6
13.36
13.26
13.93
16.81
16.23
9.77
8.53
8.59
9.62
10.89
12.69
15.39
19.24
17.99
16.11
14.33
14.92
18.16
17.55
17.98
17.91
16.31
14.97
12.45
12.27
13.03
14.78
14.12
14.44
13.95
14.18
12.88
10.07
10.23
9.36
8.82
8.64
8.28
8.4
8.62
8.6
8.44
9.06
9.3
9.52
9.28
9.11
9.22
9.67
9.33
9.43
9.91
10.24
10.62
11.01
11.28
11.32
11.2
10.18
9.09
8.47
8.05
8.5
8.73
8.35
7.83
7.38
7.58
7.76
7.88
7.85
7.82
7.87
7.83
7.69
7.33
6.73
6.68
6.79
6.43
5.97
5.73
5.71
5.8
6.66
5.94
6.1
6.18
6.42
6.81
6.84
6.6
6.63
7.25
7.39
6.8
7.86
6.78
6.55
6.56
6.8
7.04
7.41
7.73
8.08
8.12
8.15
8.43
9.37
9.06
9.33
9.91
9.81
9.61
9.35
8.96
8.77
8.83
8.62
8.44
8.65
8.17
8.19
8.3
8.32
8.25
8.2
8.09
7.98
8.08
8.03
7.92
8.27
7.1
6.45
6.47
6.03
5.86
6
5.92
5.64
5.47
5.23
4.86
4.84
4.07
4.05
4.23
3.97
3.79
3.83
3.35
3.29
3.14
3.11
3.23
3.57
3.14
3.08
3.1
3.08
3.07
3.13
3.1
3.09
3.09
3.09
3.11
3.26
3.08
3.31
3.56
3.75
4.23
4.3
4.45
4.6
4.85
4.98
5.38
6.01
5.84
6.01
6.02
6.01
5.98
5.97
5.8
5.77
5.74
5.75
5.75
5.75
5.47
5.23
5.31
5.34
5.32
5.37
5.37
5.32
5.38
5.28
5.3
5.5
5.35
5.31
5.44
5.57
5.58
5.57
5.54
5.54
5.56
5.55
5.61
5.88
5.53
5.53
5.58
5.56
5.56
5.57
5.57
5.56
5.49
5.24
5.16
5.47
4.89
4.86
4.88
4.84
4.84
5.01
5.13
5.25
5.34
5.36
5.5
6.34
5.74
5.83
6.01
6.1
6.49
6.6
6.57
6.55
6.56
6.55
6.56
6.62
5.83
5.47
5.09
4.77
4.11
3.86
3.76
3.59
2.99
2.43
2.08
1.9
1.75
1.81
1.84
1.81
1.8
1.8
1.78
1.76
1.78
1.77
1.39
1.37
1.29
1.27
1.25
1.26
1.26
1.1
1.05
1.07
1.07
1.06
1.06
1.09
1.04
1.03
1.03
1.04
1.05
1.21
1.37
1.55
1.73
1.86
2.09
2.34
2.44
2.57
2.77
2.94
3.05
3.2
3.38
3.56
3.74
3.95
4.11
4.32
4.45
4.55
4.72
4.88
5.04
5.22
5.34
5.31
5.29
5.28
5.29
5.31
5.29
5.28
5.28
5.29