.05315697256194785
.05305602160450107
.052955070647054285
.052854119689607494
.05275316873216072
.05265221777471393
.05255126681726715
.052450315859820365
.052349364902373574
.0522484139449268
.05214746298748001
.05204651203003323
.05194556107258644
.0518447500452665
.051744395955834854
.05164475474838175
.05154608236699738
.05144863475577191
.0513526678587956
.05125843762015859
.051166199983951104
.051076210894263376
.05098872629518555
.050904002130807834
.05082229434522044
.050743692207544704
.05066817003864754
.050595811360237546
.050526699694023305
.05046091856171343
.05039855148501653
.0503396819856412
.05028439358529603
.05023276980568965
.0501848941685306
.05014085019552757
.05010072140838906
.05006437520676814
.05003157356492469
.05000224186647792
.04997630549504687
.04995368983425068
.04993432026770848
.04991812217903936
.04990502095186246
.04989494196979688
.04988781061646172
.04988355227547611
.04988209233045918
.04988329355556499
.04988699509873438
.04989308690426667
.049901458916461125
.04991200107961705
.049924603338033696
.049939155636010354
.0499555479178463
.04997367012784085
.04999341221029327
.05001466410950281
.050037315769768824
.05006134431514928
.05008675369424343
.050113474088162295
.05014143567801685
.05017056864491815
.05020080316997721
.050232069434305034
.05026429761901266
.0502974179052111
.05033136047401134
.05036605550652446
.050401433183861435
.05043742368713329
.05047395719745106
.05051096389592576
.050548373963668396
.05058611758179
.05062412493140158
.05066232619361417
.05070065154953877
.0507390311802864
.050777395266968096
.05081567399069486
.05085379753257774
.050891859366145875
.05092998965985385
.05096817363720084
.051006396521685995
.051044643536808446
.05108289990606743
.05112115085296203
.05115938160099143
.05119757737365478
.05123572339445127
.05127380488688002
.05131180707444019
.05134971518063097
.051387514428951474
.05142519004290091
.05146272724597839
.0515001112616831
.05153732731351418
.051574360624970804
.05161119641955212
.051647819920757294
.051684216352085484
.05172037093703584
.051756268899107526
.05179189546179971
.05182723584861151
.051862275283042124
.05189699898859071
.0519313921887564
.05196544010703837
.05199912796693575
.052032440991947745
.05206536440557352
.05209788343131216
.05212998329266286
.05216164921312482
.052192934144578415
.052223901875445115
.052254553884035555
.05228489164866043
.05231491664763038
.05234463035925608
.0523740342618482
.0524031298337174
.05243191855317431
.052460401898529636
.05248858134809406
.05251645838017817
.05254403447309268
.052571311105148275
.05259828975465557
.05262497189992525
.05265135901926799
.05267745259099442
.05270325409341526
.05272876500484113
.05275398680358268
.05277892096795063
.05280356897625562
.052827932306808253
.05285201243791928
.052875810847899336
.052899329015059074
.05292256841770916
.05294553053416024
.05296821684272302
.05299062882170815
.0530127679494263
.05303463570418807
.053056233564304216
.05307756300808534
.053098625513842146
.05311942255988526
.053139955624525344
.053160226186073106
.05318023572283919
.05319998571313426
.053219477635268936
.05323871296755393
.053257693188299926
.05327641977581755
.05329489420841746
.05331311796441032
.05333109252210683
.05334881935981763
.05336629995585338
.053383535788524734
.0534005283361424
.053417279077017
.0534337894894592
.05345006105177967
.05346609524228908
.0534818935392981
.05349745742111739
.053512788366057606
.053527887852429415
.05354275735854345
.05355739836271043
.053571812343241
.053586000778445816
.053599965146635536
.05361370692612083
.053627227595212365
.0536405286322208
.053653611515456806
.053666477723231056
.05367912873385419
.05369156602563688
.05370379107688979
.05371580536592357
.053727610371048916
.053739207570576486
.05375059844281692
.053761784466080896
.053772767118679086
.05378354787892214
.05379412822512071
.0538045096355855
.05381469358862712
.053824681562556285
.05383447503568365
.053844075486319844
.053853484392775555
.05386270323336144
.0538717334863882
.053880576630166425
.053889234143006844
.053897707503220114
.05390599818911686
.05391410767900775
.053922037451203476
.0539297889840147
.05393736375575208
.053944763244726274
.053951988929247935
.05395904228762777
.05396592479817639
.053972637939204475
.053979183189022714
.05398556202594174
.053991775928272256
.05399782637432486
.05400371484241027
.05400944281083915
.054015011757922136
.0540204231619699
.05402567850129312
.05403077925420244
.05403572689900854
.054040522914022074
.05404516877755373
.05404966596791412
.05405401596341395
.05405822024236387
.05406228028307455
.05406619756385667
.054069973563020846
.05407360975887778
.05407710762973813
.054080468653912556
.0540836943097117
.054086786075446265
.054089745429426905
.054092573849964264
.05409527281536902
.05409784380395183
.054100288294023365
.05410260776389429
.05410480369187526
.05410687755627694
.05410883083541001
.05411066500758512
.05411238155111293
.054113981944304085
.054115467665469305
.05411684019291921
.054118101004964496
.05411925157991576
.054120293396083735
.05412122793177907
.05412205666531242
.054122781074994436
.054123402639135815
.05412392283604719
.054124343144039216
.0541246650414226
.05412489000650798
.054125019517605996
.05412505505302738
.05412499809108273
.05412485011008274
.05412461258833805
.05412428700415936
.0541238748358573
.054123377561742556
.05412279666012578
.054122133609317655
.05412138988762881
.054120566973369935
.054119666344851686
.054118689480384743
.05411763785827975
.05411651295684737
.05411531625439826
.0541140492292431
.05411271335969257
.0541113101240573
.054109841000647974
.05410830746777526
.054106711003749794
.054105053086882265
.05410333519548332
.05410155880786363
.054099725402333876
.054097836457204694
.054095893450786775
.05409389786139076
.05409185116732731
.05408975484690712
.05408761037844081
.05408541924023907
.05408318291061257
.05408090286787197
.05407858059032791
.05407621755629109
.054073815244072156
.05407137513198177
.054068898698330585
.054066387421429295
.05406384277958853
.054061266251118976
.05405865931433129
.054056023447536135
.05405336012904419
.05405067083716609
.05404795705021251
.054045220246494136
.054042461904321604
.05403968350200558
.05403688651785676
.05403407243018576
.05403124271730328
.054028398857519956
.05402554232914648
.0540226746104935
.05401979717987168
.054016911515591695
.054014019095964184
.054011121399299825
.0540082199039093
.05400531608810324
.054002411430192326
.05399950740848723
.053996605501298596
.05399370718693711
.05399081394371342
.0539879272499382
.0539850485839221
.05398217942397579
.053979321248409935
.05397647553553519
.05397364376366226
.05397082741110174
.05396802795616433
.05396524687716073
.05396248565240154
.053959745760197464
.053957028678859154
.05395433588669727
.05395166886202246
.053949029083145444
.053946418028376825
.0539438371760273
.05394128800440751
.05393877199182815
.05393629061659985
.05393381069323938
.05393133076987891
.053928850846518446
.053926370923157975
.0539238909997975
.053921411076437026
.053918931153076555
.053916451229716084
.05391397130635561
.05391149138299514
.05390901145963468
.05390653153627421
.05390405161291374
.053901571689553264
.05389909176619279
.05389661184283232
.05389413191947186
.05389165199611139
.053889172072750915
.053886692149390444
.05388421222602997
.0538817323026695
.053879252379309024
.05387677245594855
.05387429253258809
.053871812609227625
.053869332685867154
.05386685276250668
.05386437283914622
.05386189291578575
.053859412992425276
.0538569330690648
.05385445314570433
.053851973222343856
.053849493298983385
.053847013375622914
.05384453345226245
.05384205352890198
.053839573605541514
.053837093682181036
.053834613758820565
.053832133835460094
.05382965391209962
.05382717398873916
.05382469406537869
.05382221414201822
.053819734218657746
.053817254295297275
.0538147743719368
.053812294448576325
.053809814525215854
.05380733460185539
.053804854678494926
.053802374755134455
.053799894831773984
.05379741490841352
.05379493498505305
.05379245506169257
.0537899751383321
.05378749521497163
.05378501529161116
.053782535368250686
.053780055444890215
.05377757552152975
.05377509559816928
.053772615674808816
.05377013575144834
.05376765582808787
.053765175904727396
.05376269598136693
.05376021605800646
.05375773613464599
.05375525621128552
.05375277628792505
.053750296364564576
.0537478164412041
.05374533651784363
.05374285659448316
.05374037667112269
.05373789674776223
.053735416824401756
.053732936901041285
.05373045697768082
.05372797705432035
.05372549713095987
.0537230172075994
.05372053728423893
.05371805736087846
.05371557743751799
.053713097514157516
.05371061759079705
.05370813766743658
.05370565774407612
.05370317782071564
.05370069789735517
.0536982179739947
.05369573805063423
.05369325812727376
.05369077820391329
.05368829828055282
.05368581835719235
.05368333843383188
.0536808585104714
.05367837858711093
.053675898663750464
.05367341874038999
.05367093881702953
.05366845889366906
.05366597897030859
.05366349904694812
.05366101912358765
.05365853920022717
.0536560592768667
.05365357935350623
.05365109943014576
.05364861950678529
.05364613958342482
.053643659660064354
.05364117973670388
.05363869981334341